- base:
    id: 530c7025-fdb0-4699-8892-847cac139bc3
    createdat: 2023-10-05T22:51:56.109939802-03:00
    updatedat: 2023-10-05T22:51:56.484932615-03:00
  name: JOÃO
- base:
    id: 4675c06a-6079-4628-9198-0a678c8e6626
    createdat: 2023-10-05T22:53:22.652054438-03:00
    updatedat: 2023-10-05T22:53:22.65205451-03:00
  name: JOÃO
